Vertex begin
----------
-1 -1 1 --- 0 0 1 --- 0 0
1 1 1 --- 0 0 1 --- 1 1
-1 1 1 --- 0 0 1 --- 1 0
1 -1 1 --- 0 0 1 --- 0 1
-1 -1 -1 --- 0 0 -1 --- 0 0
1 1 -1 --- 0 0 -1 --- 1 1
1 -1 -1 --- 0 0 -1 --- 1 0
-1 1 -1 --- 0 0 -1 --- 0 1
-1 -1 -1 --- 0 -1 0 --- 0 0
1 -1 1 --- 0 -1 0 --- 1 1
-1 -1 1 --- 0 -1 0 --- 1 0
1 -1 -1 --- 0 -1 0 --- 0 1
-1 1 -1 --- 0 1 0 --- 0 0
1 1 1 --- 0 1 0 --- 1 1
1 1 -1 --- 0 1 0 --- 1 0
-1 1 1 --- 0 1 0 --- 0 1
1 -1 -1 --- 1 0 0 --- 0 0
1 1 1 --- 1 0 0 --- 1 1
1 -1 1 --- 1 0 0 --- 1 0
1 1 -1 --- 1 0 0 --- 0 1
-1 -1 1 --- -1 0 0 --- 0 0
-1 1 -1 --- -1 0 0 --- 1 1
-1 -1 -1 --- -1 0 0 --- 1 0
-1 1 1 --- -1 0 0 --- 0 1
----------
Vertex end

Index begin
----------
0 1 2 0 3 1 4 5 6 4 7 5 8 9 10 8 11 9 12 13 14 12 15 13 16 17 18 16 19 17 20 21 22 20 23 21 
----------
index end

AttributeTable begin
----------
0 0 4 0 8
1 4 4 8 8
2 8 4 16 8
----------
AttributeTable end

AttributeBuffer begin
----------
0 0 0 0 1 1 1 1 2 2 2 2 
----------
AttributeBuffer end

AdjacencyBuffer begin
----------
1 7 11 4 8 0 3 9 5 10 6 2 5 1 10 2 8 4 7 9 3 11 0 6 9 1 5 2 6 8 11 3 4 0 7 10 
----------
AdjacencyBuffer end

